0.000015 2.498750e+01
0.000030 2.496876e+01
0.000060 2.493753e+01
0.000120 2.487510e+01
0.000240 2.475040e+01
0.000480 2.450162e+01
0.000960 2.400675e+01
0.001920 2.302923e+01
0.003840 2.113308e+01
0.007680 1.763325e+01
0.015360 1.198623e+01
0.030720 5.397294e+00
0.061440 1.241485e+00
0.122880 1.229144e-01
0.245760 4.698933e-03
0.491520 6.687879e-05
0.983040 3.663458e-07
1.966080 8.107950e-10
3.932160 7.522283e-13
7.864320 3.003062e-16
15.728640 5.259727e-20
31.457280 4.102258e-24
62.914560 1.441740e-28
125.829120 2.116621e-33
