1.074000e-05 4.143133e-04
1.232952e-05 4.143126e-04
1.415429e-05 4.143118e-04
1.624912e-05 4.143110e-04
1.865399e-05 4.143100e-04
2.141479e-05 4.143094e-04
2.458417e-05 4.143093e-04
2.822263e-05 4.143092e-04
3.239958e-05 4.143091e-04
3.719472e-05 4.143089e-04
4.269954e-05 4.143088e-04
4.901907e-05 4.143086e-04
5.627389e-05 4.143084e-04
6.460243e-05 4.143081e-04
7.416358e-05 4.143078e-04
8.513980e-05 4.143075e-04
9.774049e-05 4.143071e-04
1.122061e-04 4.143067e-04
1.288126e-04 4.143062e-04
1.478768e-04 4.143056e-04
1.697626e-04 4.143050e-04
1.948875e-04 4.143042e-04
2.237308e-04 4.143033e-04
2.568430e-04 4.143023e-04
2.948557e-04 4.143012e-04
3.384944e-04 4.142999e-04
3.885916e-04 4.142984e-04
4.461031e-04 4.142966e-04
5.121264e-04 4.142946e-04
5.879211e-04 4.142923e-04
6.749334e-04 4.142897e-04
7.748235e-04 4.142867e-04
8.894974e-04 4.142832e-04
1.021143e-03 4.142793e-04
1.172272e-03 4.142747e-04
1.345769e-03 4.142695e-04
1.544942e-03 4.142635e-04
1.773594e-03 4.142566e-04
2.036086e-03 4.142487e-04
2.337426e-03 4.142396e-04
2.683365e-03 4.142292e-04
3.080503e-03 4.142172e-04
3.536418e-03 4.142035e-04
4.059808e-03 4.141878e-04
4.660659e-03 4.141698e-04
5.350437e-03 4.141491e-04
6.142302e-03 4.141253e-04
7.051362e-03 4.140981e-04
8.094964e-03 4.140669e-04
9.293018e-03 4.140311e-04
1.066839e-02 4.139901e-04
1.224731e-02 4.139431e-04
1.405991e-02 4.138892e-04
1.614077e-02 4.138276e-04
1.852961e-02 4.137570e-04
2.127199e-02 4.136762e-04
2.442024e-02 4.135838e-04
2.803444e-02 4.134781e-04
3.218354e-02 4.133574e-04
3.694670e-02 4.132196e-04
4.241481e-02 4.130624e-04
4.869221e-02 4.128832e-04
5.589865e-02 4.126792e-04
6.417165e-02 4.124471e-04
7.366906e-02 4.121834e-04
8.457208e-02 4.118844e-04
9.708875e-02 4.115458e-04
1.114579e-01 4.111632e-04
1.279536e-01 4.107315e-04
1.468908e-01 4.102458e-04
1.686306e-01 4.097006e-04
1.935880e-01 4.090904e-04
2.222390e-01 4.084096e-04
2.551303e-01 4.076523e-04
2.928896e-01 4.068131e-04
3.362373e-01 4.058863e-04
3.860004e-01 4.048668e-04
4.431285e-01 4.037492e-04
5.087115e-01 4.025284e-04
5.840008e-01 4.011989e-04
6.704329e-01 3.997546e-04
7.696570e-01 3.981878e-04
8.835662e-01 3.964891e-04
1.014334e+00 3.946460e-04
1.164455e+00 3.926425e-04
1.336795e+00 3.904586e-04
1.534640e+00 3.880699e-04
1.761767e+00 3.854485e-04
2.022509e+00 3.825638e-04
2.321840e+00 3.793834e-04
2.665473e+00 3.758743e-04
3.059962e+00 3.720026e-04
3.512837e+00 3.677334e-04
4.032737e+00 3.630291e-04
4.629582e+00 3.578481e-04
5.314760e+00 3.521452e-04
6.101344e+00 3.458709e-04
7.004343e+00 3.389725e-04
8.040986e+00 3.313929e-04
9.231052e+00 3.230709e-04
1.059725e+01 3.139405e-04
1.216564e+01 3.039340e-04
1.396616e+01 2.929845e-04
1.603315e+01 2.810309e-04
1.840605e+01 2.680217e-04
2.113015e+01 2.539210e-04
2.425741e+01 2.387164e-04
2.784751e+01 2.224284e-04
3.196894e+01 2.051216e-04
3.670034e+01 1.869152e-04
4.213199e+01 1.679925e-04
4.836752e+01 1.486069e-04
5.552592e+01 1.290823e-04
6.374375e+01 1.098040e-04
7.317783e+01 9.120003e-05
8.400815e+01 7.371149e-05
9.644135e+01 5.775474e-05
1.107147e+02 4.367953e-05
1.271004e+02 3.172992e-05
1.459113e+02 2.201486e-05
1.675062e+02 1.449512e-05
1.922971e+02 8.990665e-06
2.207571e+02 5.209425e-06
2.534291e+02 2.793177e-06
2.909366e+02 1.371169e-06
3.339952e+02 6.090240e-07
3.834265e+02 2.416187e-07
4.401737e+02 8.443675e-08
5.053194e+02 2.559537e-08
5.801066e+02 6.611228e-09
6.659624e+02 1.424739e-09
7.645249e+02 2.502036e-10
8.776746e+02 3.498687e-11
1.007570e+03 3.818758e-12
1.156691e+03 3.196708e-13
1.327881e+03 2.008559e-14
1.524407e+03 9.161235e-16
1.750020e+03 2.889374e-17
2.009023e+03 5.931423e-19
2.306358e+03 7.438313e-21
2.647699e+03 5.414968e-23
3.039558e+03 2.252403e-25
3.489413e+03 5.578224e-28
4.005846e+03 8.891980e-31
4.598711e+03 9.459029e-34
5.279321e+03 6.743155e-37
6.060660e+03 3.487246e-40
6.957638e+03 1.424095e-43
7.987368e+03 4.457867e-47
9.169499e+03 1.076043e-50
1.052658e+04 2.116293e-54
